2017011485
yyw: [5, 0, 3, 2, 4, 1]
yyw: [0, 3, 1, 4, 5, 2]
yyw: [4, 3, 5, 0, 1, 2]
yyw: [3, 4, 2, 0, 1, 5]
yyw: [1, 2, 5, 4, 3, 0]
yyw: [5, 2, 4, 3, 0, 1]
yyw: [0, 5, 4, 3, 2, 1]
yyw: [2, 0, 4, 5, 3, 1]
yyw: [0, 3, 1, 4, 5, 2]
yyw: [4, 5, 0, 1, 2, 3]

2018310831
swn: [2, 3, 1, 4, 0, 5]
swn: [5, 4, 3, 0, 1, 2]
swn: [4, 2, 5, 3, 0, 1]
swn: [4, 3, 2, 0, 1, 5]
swn: [5, 3, 4, 2, 1, 0]
swn: [3, 5, 0, 4, 1, 2]
swn: [5, 2, 3, 1, 0, 4]
swn: [2, 5, 3, 4, 1, 0]
swn: [2, 4, 5, 3, 1, 0]
swn: [2, 1, 4, 5, 3, 0]

sy: [1, 3, 4, 5, 2, 0]
sy: [2, 5, 1, 3, 0, 4]
sy: [3, 1, 5, 4, 0, 2]
sy: [1, 3, 2, 5, 4, 0]
sy: [4, 0, 3, 5, 1, 2]
sy: [3, 2, 5, 0, 4, 1]
sy: [5, 2, 3, 1, 4, 0]
sy: [3, 1, 4, 0, 5, 2]
sy: [1, 0, 5, 2, 3, 4]
sy: [3, 2, 0, 5, 1, 4]

lyq: [2, 0, 4, 5, 3, 1]
lyq: [5, 0, 2, 3, 4, 1]
lyq: [2, 0, 4, 5, 1, 3]
lyq: [2, 0, 3, 5, 1, 4]
lyq: [2, 1, 4, 5, 3, 0]
lyq: [4, 0, 1, 5, 2, 3]
lyq: [4, 2, 5, 3, 0, 1]
lyq: [1, 0, 3, 2, 4, 5]
lyq: [1, 3, 0, 5, 2, 4]
lyq: [0, 5, 2, 1, 4, 3]

fjy: [1, 4, 3, 0, 2, 5]
fjy: [1, 0, 2, 3, 5, 4]
fjy: [1, 4, 0, 2, 5, 3]
fjy: [5, 4, 1, 3, 2, 0]
fjy: [4, 2, 3, 5, 0, 1]
fjy: [0, 5, 4, 3, 2, 1]
fjy: [3, 1, 0, 5, 4, 2]
fjy: [3, 2, 0, 5, 1, 4]
fjy: [4, 2, 1, 0, 5, 3]
fjy: [5, 0, 2, 4, 3, 1]

yzc: [2, 0, 4, 5, 1, 3]
yzc: [4, 3, 1, 0, 2, 5]
yzc: [0, 5, 4, 3, 1, 2]
yzc: [5, 0, 4, 3, 1, 2]
yzc: [2, 3, 4, 5, 1, 0]
yzc: [4, 5, 2, 3, 1, 0]
yzc: [0, 1, 5, 3, 4, 2]
yzc: [2, 3, 4, 1, 0, 5]
yzc: [2, 3, 1, 4, 5, 0]
yzc: [3, 1, 5, 4, 2, 0]

yyk: [5, 1, 0, 2, 4, 3]
yyk: [1, 2, 4, 0, 3, 5]
yyk: [5, 2, 3, 4, 0, 1]
yyk: [0, 2, 5, 3, 1, 4]
yyk: [2, 3, 0, 4, 5, 1]
yyk: [1, 4, 3, 5, 2, 0]
yyk: [2, 1, 5, 4, 3, 0]
yyk: [2, 0, 4, 3, 1, 5]
yyk: [0, 5, 2, 3, 4, 1]
yyk: [4, 2, 3, 1, 0, 5]

lgh: [4, 1, 5, 0, 3, 2]
lgh: [1, 4, 5, 2, 3, 0]
lgh: [4, 5, 0, 1, 2, 3]
lgh: [0, 2, 1, 3, 4, 5]
lgh: [0, 5, 1, 2, 3, 4]
lgh: [4, 0, 3, 1, 5, 2]
lgh: [5, 0, 1, 3, 4, 2]
lgh: [3, 4, 5, 2, 1, 0]
lgh: [2, 4, 0, 3, 1, 5]
lgh: [4, 5, 0, 3, 1, 2]

ycy: [3, 5, 2, 0, 4, 1]
ycy: [5, 4, 2, 1, 3, 0]
ycy: [1, 2, 0, 4, 5, 3]
ycy: [3, 4, 5, 1, 2, 0]
ycy: [0, 1, 4, 3, 5, 2]
ycy: [1, 2, 4, 5, 3, 0]
ycy: [2, 4, 0, 1, 5, 3]
ycy: [1, 2, 3, 0, 5, 4]
ycy: [2, 5, 3, 0, 4, 1]
ycy: [4, 0, 5, 1, 3, 2]

fjy: [2, 3, 4, 5, 1, 0]
fjy: [0, 2, 5, 1, 3, 4]
fjy: [1, 3, 0, 2, 5, 4]
fjy: [1, 0, 4, 5, 2, 3]
fjy: [5, 0, 1, 3, 4, 2]
fjy: [5, 2, 3, 0, 1, 4]
fjy: [5, 4, 1, 0, 2, 3]
fjy: [4, 2, 0, 5, 1, 3]
fjy: [2, 4, 1, 5, 3, 0]
fjy: [5, 0, 2, 4, 3, 1]
